bid=5mfrP2Y908w;
_pk_ses.100001.4cf6=*;
__utma=30149280.484840890.1513248944.1513248944.1513248944.1; __utmb=30149280.0.10.1513248944; __utmc=30149280; __utmz=30149280.1513248944.1.1.utmcsr=(direct)|utmccn=(direct)|utmcmd=(none); __utma=223695111.638919589.1513248944.1513248944.1513248944.1; __utmb=223695111.0.10.1513248944; __utmc=223695111; __utmz=223695111.1513248944.1.1.utmcsr=(direct)|utmccn=(direct)|utmcmd=(none); ap=1; ps=y; ll="108288"; ue="chenguangwei1017@163.com"; dbcl2="171031731:c+mazwhZEhw"; ck=MVjU; _pk_id.100001.4cf6=7731c3e60a01b11f.1513248943.1.1513249196.1513248943.; push_noty_num=0; push_doumail_num=0